Χώρα,Πάντα,Συχνά,Σπάνια,Ποτέ,ΔΞ/ΔΑ
Austria,6,13,36,45,0
Belgium,11,26,36,27,0
Bulgaria,22,23,26,28,0
Cyprus,17,16,26,41,0
Czechia,8,13,36,43,0
Belgium,7,17,39,37,0
Germany,7,12,37,43,1
Denmark,9,21,36,34,0
Estonia,14,25,31,30,0
Greece,9,23,39,30,0
Spain,3,12,40,45,0
Finland,13,27,35,25,0
France,19,24,31,26,0
Croatia,18,23,31,28,0
Hungary,10,21,36,33,0
Ireland,8,22,35,34,0
Italy,19,22,33,26,0